1 2 3 4 5 6 7 8 19 22 43 50
-1 2 3 -4 5 -6 -7 8 -19 22 43 -50
69 87 -108 4 120 79 27 116 10629 15543 -12852 -8068
55 -17 -57 16 -57 -80 0 -53 -3135 -3499 3249 3712
30 -78 -91 41 113 -77 53 94 -744 -9642 -8110 10861
33 -24 116 98 5 -97 -121 -81 3069 -1257 -11278 -19190
76 -128 124 42 -4 38 -96 -31 11984 6856 -4528 3410
-15 -6 -56 101 -82 -87 35 122 1020 573 8127 17194
-73 26 21 -65 42 -24 19 99 -2572 4326 -353 -6939
-82 69 34 -5 20 -34 -32 -33 -3848 511 840 -991
-112 5 115 -93 -83 -62 -52 -109 9036 6399 -4709 3007
-87 72 13 -8 -18 86 12 102 2430 -138 -330 302
124 54 -86 38 -69 121 43 -31 -6234 13330 7568 -11584
-4 -120 10 -69 -16 62 -41 42 4984 -5288 2669 -2278
90 -97 -77 -54 -16 -105 -91 -115 7387 1705 6146 14295
-65 -32 -67 72 -82 61 -69 -110 7538 -445 526 -12007
-117 -29 -34 -65 117 -21 -97 -117 -10876 5850 2327 8319
89 -77 5 -93 -15 -92 26 51 -3337 -12115 -2493 -5203
95 -36 -97 111 -108 -77 72 -26 -12852 -6379 18468 4583
5 55 112 -42 -24 -99 -47 -46 -2705 -3025 -714 -9156
47 0 -68 98 -39 -122 113 81 -1833 -5734 13726 16234
31 54 70 0 -50 -122 106 -88 4174 -8534 -3500 -8540
43 -105 15 -59 -6 118 52 19 -5718 3079 -3158 649
55 -61 30 70 84 -87 -128 -30 12428 -2955 -6440 -4710
43 -47 -6 -14 101 65 84 -112 395 8059 -1782 1178
77 86 -105 -44 100 -96 4 -48 8044 -11520 -10676 12192
100 121 -128 -109 125 38 31 111 16251 17231 -19379 -16963
-103 84 -32 -86 -62 -121 77 85 12854 19603 -4638 -3438
33 -127 -19 -121 -127 -78 -31 -68 -254 6062 6164 9710
-27 26 15 -35 -77 115 75 -87 4029 -5367 -3780 4770
-117 12 103 -69 3 -60 49 -70 237 6180 -3072 -1350
-49 14 -119 -107 -108 -23 4 33 5348 1589 12424 -794
59 -107 125 106 94 62 -37 -22 9505 6012 7828 5418
64 21 -124 -58 -51 10 42 44 -2382 1564 3888 -3792
60 -81 45 -110 -107 10 -45 -52 -2775 4812 135 6170
20 56 74 -62 22 -70 116 -6 6936 -1736 -5564 -4808
-104 29 -37 -92 26 78 40 25 -1544 -7387 -4642 -5186
84 -73 -78 118 114 44 47 -65 6145 8441 -3346 -11102
117 -69 126 90 -109 26 43 -49 -15720 6423 -9864 -1134
-43 64 -84 -95 -85 -27 -15 -97 2695 -5047 8565 11483
69 -124 -78 73 20 101 122 -17 -13748 9077 7346 -9119
88 -86 60 -16 5 -43 92 -30 -7472 -1204 -1172 -2100
55 -70 -96 -114 103 -25 -68 126 10425 -10195 -2136 -11964
75 3 -22 -107 -18 -54 -75 -27 -1575 -4131 8421 4077
106 65 57 -51 -75 121 -53 79 -11395 17961 -1572 2868
88 125 37 127 127 -25 -16 -124 9176 -17700 2667 -16673
46 34 36 -110 -53 3 -49 66 -4104 2382 3482 -7152
22 112 -95 -85 -108 -95 -13 -62 -3832 -9034 11365 14295
-108 25 -121 101 41 -46 -52 107 -5728 7643 -10213 16373
62 67 -111 -82 -89 90 -23 20 -7059 6920 11765 -11630
85 118 70 -9 -118 -128 -35 26 -14160 -7812 -7945 -9194
2 42 -95 124 6 27 80 68 3372 2910 9350 5867
68 -97 -45 -63 -6 18 43 -100 -4579 10924 -2439 5490
-110 118 85 -56 123 -87 -51 52 -19548 15706 13311 -10307
82 -110 110 69 106 -104 -77 113 17162 -20958 6347 -3643
-51 -118 -112 -61 37 -75 49 -29 -7669 7247 -7133 10169
68 123 -72 -98 111 44 -65 23 -447 5821 -1622 -5422
-63 70 22 -66 -32 -109 72 99 7056 13797 -5456 -8932
62 -31 105 54 -90 -106 -108 120 -2232 -10292 -15282 -4650
2 -115 -18 -11 -81 87 28 -70 -3382 8224 1150 -796
-54 90 88 -85 -75 84 -96 -78 -4590 -11556 1560 14022
84 -49 -113 100 92 85 -113 126 13265 966 -21696 2995
38 1 -88 52 -92 -66 55 -113 -3441 -2621 10956 -68
48 50 -37 -123 -10 59 -92 -55 -5080 82 11686 4582
-22 -127 -24 -65 -125 22 60 -116 -4870 14248 -900 7012
-9 -56 -33 104 -71 116 48 4 -2049 -1268 7335 -3412
-62 -114 -22 57 43 114 21 23 -5060 -9690 251 -1197
39 -34 -87 -76 29 -48 64 -53 -1045 -70 -7387 8204
-64 -14 33 -4 -7 -34 21 62 154 1308 -315 -1370
86 -105 -61 -118 73 -89 -91 -61 15833 -1249 6285 12627
87 25 85 -56 88 24 53 -85 8981 -37 4512 6800
-1 99 61 -99 64 81 -124 85 -12340 8334 16180 -3474
36 97 -24 62 22 113 -82 -34 -7162 770 -5612 -4820
-73 13 -71 -50 100 76 -34 87 -7742 -4417 -5400 -9746
93 -39 -2 104 46 -56 53 108 2211 -9420 5420 11344
-84 119 -24 22 -128 101 108 -125 23604 -23359 5448 -5174
-17 24 -70 26 -49 89 113 -81 3545 -3457 6368 -8336
126 -10 79 15 -117 -67 10 -108 -14842 -7362 -9093 -6913
-128 3 75 74 99 -76 1 53 -12669 9887 7499 -1778
17 -28 -85 -110 -92 6 28 46 -2348 -1186 4740 -5570
-68 -1 -45 -94 84 20 16 -60 -5728 -1300 -5284 4740
-21 -75 82 78 14 21 98 62 -7644 -5091 8792 6558
-58 -48 -65 -67 67 77 111 -57 -9214 -1730 -11792 -1186
25 53 114 84 -17 116 122 34 6041 4702 8310 16080
124 -98 99 25 -55 125 -102 -18 3176 17264 -7995 11925
-115 53 113 72 -123 -94 -87 74 9534 14732 -20163 -5294
-125 56 -107 -69 -127 10 21 -12 17051 -1922 12140 -242
-56 19 -31 -75 94 107 41 68 -4485 -4700 -5989 -8417
-42 41 87 94 -53 101 -53 33 53 -2889 -9593 11889
-62 -22 -33 99 50 71 90 123 -5080 -7108 7260 9834
71 -16 -28 96 -24 -103 70 -111 -2824 -5537 7392 -7772
-9 -85 -33 58 -99 -40 -9 24 1656 -1680 2745 2712
-84 17 52 82 106 -101 92 104 -7340 10252 13056 3276
122 2 115 -18 44 8 -107 -106 5154 764 6986 2828
-102 -45 51 -127 20 -125 -57 -96 525 17070 8259 5817
91 -15 75 -15 104 -30 45 -76 8789 -1590 7125 -1110
-85 35 37 105 38 2 -114 -106 -7220 -3880 -10564 -11056
-31 60 -87 -21 49 -32 -25 0 -3019 992 -3738 2784
26 31 68 2 118 48 -6 -106 2882 -2038 8012 3052
28 -91 -124 107 125 96 -104 83 12964 -4865 -26628 -3023
124 107 97 -68 -85 -87 -5 -78 -11075 -19134 -7905 -3135
-50 83 -19 97 -89 90 73 -108 10509 -13464 8772 -12186
